Sample	1.0	2.0	3.0	4.0	5.0	6.0	7.0	8.0	9.0	>10	>50	>100	>500	>1k	>5k	>10k+
SRR13675761_1										5.0564681724846	4.711933343863529	20.57435634181014	12.79418733217501	9.329094929710946	0.0	39.69258410993524
SRR13675761_2										6.685357763386511	4.002132364555362	23.793634496919918	14.689622492497238	1.0108987521718527	0.0	39.69258410993524
SRR13675762_1										7.465092933410397	5.922793782131232	25.92096857603504	9.213234772204139	35.172735476936495	5.485758322432797	0.0
SRR13675762_2										9.375475314087549	4.849978198927184	24.995183483912836	30.68070047353958	16.273740354292784	0.0	0.0
SRR13675763_1										6.867174798893651	4.5900808648100835	9.217110402634967	3.832105229820746	25.717332094673058	16.557228216118066	23.68198804974347
SRR13675763_2										7.395012984819374	6.704600637628529	5.114752021620252	6.812279627557376	25.528366024111648	38.394949644237066	0.0
SRR13675764_1										6.0997419066392995	3.9252545369561243	14.39530961042128	12.653687483488122	44.14920641372163	5.364074217082935	0.0
SRR13675764_2										5.5114109781128695	4.06344625764627	15.095413254211799	13.518401853394844	51.179710203832784	0.0	0.0
SRR13675765_1										5.375699243980849	2.5679090024283058	9.776143614145129	3.8371167061553138	14.170689265314548	9.131217004040623	46.149611176106255
SRR13675765_2										5.985233540116205	1.9210161526588478	13.986845856641466	0.5475977466893439	4.78877670399245	61.82545690494214	0.0
SRR13675766_1										2.9518109843525964	1.165762732996696	0.0	0.0	0.0	0.0	89.51125241568481
SRR13675766_2										1.9574839473848262	0.32728632878249486	0.0	0.0	0.0	0.0	89.51125241568481
SRR13675767_1										5.277935904734064	2.9362893672015633	18.2331492222718	13.882948443774328	48.514546825238085	0.0	0.0
SRR13675767_2										4.306352600889272	2.937827899749219	20.642491191901165	27.765127621274825	33.042294259735066	0.0	0.0
SRR13675768_1										6.538104238075408	3.171348944485376	10.79539994233911	3.936957427042957	28.583784476407086	10.406188935515905	25.02802959925681
SRR13675768_2										7.50232245250985	4.0843130345645005	11.271102284011917	2.746900727167889	38.35410193163981	0.0	25.02802959925681
SRR13675769_1										4.808717963502176	3.5363873112885713	12.26299958678083	19.997885855411727	46.87346844639202	0.0	0.0
SRR13675769_2										6.398170303956334	5.258454175916049	8.66126598821845	34.47016653693507	32.85765080097251	0.0	0.0
SRR13675770_1										4.8852129550900525	2.9974319995190366	15.243101182654403	11.111969974148222	53.62826690027741	0.0	0.0
SRR13675770_2										6.518770451676072	3.8769077495211834	13.901557118686284	19.529686600877756	43.37430110020355	0.0	0.0
SRR13675771_1										1.9909655442360383	0.48980714504850464	1.1277201222931015	0.0	0.0	0.0	93.04643117839348
SRR13675771_2										1.8576702952595554	0.2993853607963862	0.8833454991695494	0.0	0.0	0.0	93.04643117839348
SRR13675772_1										6.368123897684224	4.089917658968285	18.357145093455507	11.214660669373101	19.12524394443807	12.200874547333049	17.674622473153068
SRR13675772_2										6.903497145719623	6.737562747205727	21.135241752851673	10.683461871614782	26.16545433673203	0.0	17.674622473153068
SRR13675773_1										4.918495069679438	3.486700869628498	24.2258850926027	13.639340683331513	41.4428919695812	0.0	0.0
SRR13675773_2										6.381217479896663	4.669250081868792	24.207692027799002	23.06880617108758	29.239893752501544	0.0	0.0
SRR13675774_1										5.326627475773045	4.138633854515603	22.316162941015502	14.005869198033535	35.701142700774696	5.77578153750342	0.0
SRR13675774_2										6.208894382743425	4.650065580267417	20.138331902205195	23.105956952923748	34.61222718136954	0.0	0.0
SRR13675775_1										1.2051111789092084	0.04845569892859066	2.113206869941315	0.0	0.0	0.0	94.0264891154143
SRR13675775_2										1.022056316290088	0.0	1.9364333016277526	0.0	0.0	0.0	94.0264891154143
SRR13675776_1										4.539052299340989	1.962124872772883	11.668397298158677	8.023276136819272	15.131545128358026	4.694295084663863	46.825747684209446
SRR13675776_2										5.104506153166027	3.2092076449361038	15.01331386801279	4.97650796261836	36.53500159355177	0.0	25.43565649192429
SRR13675777_1										12.631578947368421	0.0	0.0	0.0	0.0	0.0	0.0
SRR13675777_2										12.631578947368421	0.0	0.0	0.0	0.0	0.0	0.0
SRR13675778_1										3.5894891513844627	2.858614964792092	12.235940690418486	4.598019197374196	18.183119287063718	0.0	51.299543919241266
SRR13675778_2										4.473980497299773	2.496994446882812	12.283647882754805	7.303017002843348	14.70908154113314	0.0	51.299543919241266
SRR13675779_1										4.468307697628373	3.186954754926119	6.735316750101592	5.683950233012562	59.095271444504974	11.070474411848624	0.0
SRR13675779_2										3.652115269888206	2.2730613268314612	18.271816287534907	11.740547644368359	52.473218685964774	0.0	0.0
SRR13675780_1										0.8067179317827994	0.44699721658725294	1.402321083172147	0.0	0.0	0.0	94.54285983865641
SRR13675780_2										0.36915601264329856	0.0	1.5379534839835827	0.0	0.0	0.0	94.54285983865641
SRR13675781_1										5.728294077067114	4.295604612200651	13.858775992904308	1.50537104562925	49.759781216122995	14.93914457475116	0.0
SRR13675781_2										6.881344239676753	8.232728885384844	10.779047994481129	0.0	54.787129200748986	8.091061397457375	0.0
SRR13675782_1										5.4206641720357505	3.1623667107447315	11.546577385139127	8.855939753725535	49.6853576419173	10.183908692757129	0.0
SRR13675782_2										4.524097571955096	5.1224338594566206	15.594256721904923	25.9497885190708	37.538568306933385	0.0	0.0
SRR13675783_1										4.748245172443271	2.7079909955262584	10.293405267807106	9.544932134003286	50.58177638890208	11.127363911816946	0.0
SRR13675783_2										2.783028276707098	2.3764971837273583	22.398153512979547	19.235189635356807	42.73895574700089	0.0	0.0
SRR13675784_1										4.71525684602065	2.4418008080548965	6.3586224587956135	5.428718014493683	11.65426794074264	0.0	62.21060732379914
SRR13675784_2										6.2159302251010065	1.9527993330340536	13.695247867632911	7.395946899249663	0.0	0.0	62.21060732379914
SRR13675785_1										4.677677233574137	2.0349737571257567	6.839052075572781	6.5084002310377445	28.988540193033707	32.235625015695504	9.782272038573259
SRR13675785_2										4.643356409204678	3.2470848226617894	6.484124525995933	7.736416068842551	60.2740643389893	6.776270079774989	0.0
SRR13675786_1										5.6095843323999395	4.545683193883197	17.809654756115965	17.875886584282096	42.05637250792267	0.0	0.0
SRR13675786_2										6.533476416438908	4.440047619846074	28.13930481731753	18.351246667449153	29.506698636798067	0.0	0.0
SRR13675787_1										5.870026478685535	3.8543146228979253	23.65283111508584	10.459080786294212	24.92678906482894	19.25842144948884	0.0
SRR13675787_2										5.783225489680327	5.5359741876654915	33.44380731933996	14.009153558840548	28.132288214354606	0.0	0.0
SRR13675788_1										4.61387202383969	1.0673126628082588	4.037138020859729	2.8532622467286313	20.299212438804368	14.94136368704325	45.23560952371299
SRR13675788_2										3.2343729411406965	1.2305010186602339	4.855106984664348	3.0863884693743096	14.145693753230827	64.98545495089145	0.0
SRR13675789_1										6.327768039311474	4.369857371380403	18.023506422598352	9.862352366447311	45.05206088297557	5.1189210417923885	0.0
SRR13675789_2										6.945601885111641	6.47336609289539	10.414092358975832	24.968150425778518	39.638112206289456	0.0	0.0
SRR13675790_1										5.01755092394016	4.15794956188342	17.463388159910366	9.47224678087168	53.16135470373516	0.0	0.0
SRR13675790_2										4.955400519962535	4.466075508364044	21.707998144241458	27.466101769098117	29.663249853377565	0.0	0.0
SRR13675791_1										4.941437648319682	3.310878052514736	12.47703437189007	10.063729618005054	41.68261501952079	17.09408252315701	0.0
SRR13675791_2										3.9902778841001303	3.041031922223073	17.73233560437878	18.221312102886014	46.04129985455102	0.0	0.0
SRR13675792_1										7.6033057851239665	0.0	0.0	0.0	0.0	0.0	0.0
SRR13675792_2										5.12396694214876	0.0	0.0	0.0	0.0	0.0	0.0
SRR13675793_1										2.6822627810829887	1.5387718059897146	1.3391146516083494	0.0	28.2807300594938	0.0	59.1549863870122
SRR13675793_2										3.456690531410709	0.9801351215085207	0.0	0.0	28.264596148028637	0.0	59.1549863870122
SRR13675794_1										4.907415946796192	3.2176416940781047	13.849180731039995	7.828911637820611	38.2766147130253	21.118591615686515	0.0
SRR13675794_2										5.691331837232418	4.282332687755542	12.652299998975272	21.70780944183139	34.70134341664361	9.273776220193264	0.0
SRR13675795_1										4.53257790368272	2.4756325923080618	13.181927305900995	4.302107840783599	65.12699860757671	0.0	0.0
SRR13675795_2										6.535746867047583	3.0585297930570894	12.60575214865319	10.500792240841216	56.09257214193115	0.0	0.0
SRR13675796_1										4.773856433099195	3.138598595168751	7.398492376220661	9.486037347952715	54.542573239677914	9.916909371252355	0.0
SRR13675796_2										3.9686482782251153	3.4701045057392492	14.36782593798184	13.575466849408944	52.991262634915195	0.0	0.0
SRR13675797_1										4.211511055544384	2.349248537730488	10.282661723947996	7.214737228638625	28.70682042718379	29.373912587320877	8.896893606232021
SRR13675797_2										5.428538954510085	3.564527833393077	9.01230142423739	8.367941107040751	53.988126983571874	9.190658961154778	0.0
SRR13675798_1										4.206228470510063	0.8524366573991502	3.37914633933099	0.44414135585514697	2.2941474759132	30.537341097064118	52.62200772875902
SRR13675798_2										3.1736872475476052	1.0010666386892584	3.7550927625942054	0.0	2.2941474759132	22.897760058752556	59.8602878175873
SRR13675799_1										5.672166468220219	2.7635085331972555	13.115609230594771	10.931564324998583	42.311050632193684	14.017123093496625	0.0
SRR13675799_2										5.266201734988943	5.038271814934513	10.793218801383455	8.576288484436128	58.41923229574191	0.0	0.0
SRR13675800_1										5.442228006051096	3.3844795023819145	19.739351856201903	16.179165061497553	44.185216157554	0.0	0.0
SRR13675800_2										5.80679714734043	2.4589624813252273	33.33082770349629	27.285369314177792	19.20847153447903	0.0	0.0
SRR13675801_1										6.576359832635983	4.912133891213389	20.934100418410043	12.974895397489538	42.39853556485356	0.0	0.0
SRR13675801_2										6.186192468619247	7.086820083682007	26.50418410041841	23.194560669456067	25.67782426778243	0.0	0.0
SRR13675802_1										6.745726622109186	6.002444746751839	21.20620650223773	14.379645511720984	28.679442440014984	10.72829794365253	0.0
SRR13675802_2										7.463378087971452	8.286508546755782	26.27609865736086	26.57774886141835	19.57966128428067	0.0	0.0
SRR13675803_1										1.713734550593302	0.34768174782979294	2.754536686032166	0.0	0.0	0.0	90.67539983401001
SRR13675803_2										0.6729324151544379	0.3768421524864853	2.465175747515758	0.0	0.0	0.0	90.67539983401001
SRR13675804_1										8.86092304511861	5.793581063620859	21.507571450720967	13.310765414233295	9.889399968990647	0.0	26.585353248229882
SRR13675804_2										10.966975037469636	16.217892397539924	17.499612383068893	12.690578324461214	0.0	0.0	26.585353248229882
SRR13675805_1										4.796008722143556	2.497279206113302	8.407350629390816	9.724253878350282	33.04740617649468	15.63354514567462	17.33194465573668
SRR13675805_2										5.182185918965201	2.0525903128035297	12.772323187405163	14.373983359273518	35.93086257942963	17.63854594533447	0.0
SRR13675806_1										6.28848457830654	4.843832715722605	20.60544426179265	15.67663202474158	40.43074865565183	0.0	0.0
SRR13675806_2										5.1962887631996875	6.625616449806358	37.31018918391798	18.698280906076732	18.543646039397064	0.0	0.0
SRR13675807_1										6.584716055153073	4.014956765599439	18.52488899275532	13.271325075952326	44.40383267118486	0.0	0.0
SRR13675807_2										6.914699696190699	4.017761159149334	26.10422996027109	20.639401729376022	28.316896471138115	0.0	0.0
SRR13675808_1										5.525636225748543	2.9519338766811622	13.05474757365435	11.10407126880358	56.12226286131191	0.0	0.0
SRR13675808_2										4.260384567385691	3.604719254288704	23.814186562221007	37.2855648033484	20.03187128608319	0.0	0.0
SRR13675809_1										5.618912679461393	3.4450642543620638	12.04434888582837	16.66451990052216	21.603733391461155	29.6580696939372	0.0
SRR13675809_2										5.828965489908548	4.720243344199273	18.69866339037126	18.641196112041378	41.227818125972234	0.0	0.0
SRR13675810_1										5.639744176552816	2.5285450969234384	3.4452045474225907	0.0	34.26648688100746	43.06443831413833	0.0
SRR13675810_2										5.413362692826305	0.8424360132117719	4.485569726734044	0.0	68.48101735591375	9.282877890075088	0.0
SRR13675811_1										5.453167947001198	2.8023468884347027	12.383712735217422	15.508492494185635	52.71865529635633	0.0	0.0
SRR13675811_2										5.352738036507153	4.383677496652337	14.034639509479174	38.7086827824371	24.118154908732116	0.0	0.0
SRR13675812_1										8.340876132636478	6.191908279560473	20.711066989790456	12.215441813386278	37.47846652457006	0.0	0.0
SRR13675812_2										10.172559782767381	5.970977254810359	25.080050999055935	29.01301254537845	15.120636125628973	0.0	0.0
SRR13675813_1										8.878231731685574	7.773576398495702	17.010462459139024	14.32567862522672	31.141443020074394	0.0	0.0
SRR13675813_2										8.421203643927983	7.230471271788251	24.46124996157275	26.1961121870741	16.83113529466015	0.0	0.0
SRR13675814_1										8.08128256121814	4.308146557509059	15.282268395944412	11.793413940776711	36.47832505703932	6.591549639462671	0.0
SRR13675814_2										6.775173558155709	6.105342784983102	16.725027757103987	30.00268420346262	25.753712131379558	0.0	0.0
SRR13675815_1										3.4397646268980906	2.2628991173508677	2.9717828722627013	0.0	0.0	0.0	81.93234997926663
SRR13675815_2										3.816914479789902	0.34160693481823745	4.543569693738522	0.0	0.0	0.0	81.93234997926663
SRR13675816_1										6.509257242430842	3.887606186016118	7.756044434763668	2.61642343715966	20.74319320409497	11.201045523851013	34.276628185580485
SRR13675816_2										7.846656501851449	2.0980178610324547	10.276628185580483	0.0	16.611631452842516	50.74711391853627	0.0
SRR13675817_1										7.926635140276904	3.9710826907696015	20.954954535218704	14.654335655104402	32.858107950707016	0.0	0.0
SRR13675817_2										9.110039524464012	5.7291060016617354	17.393093701710658	22.494777956375554	30.72891187364596	0.0	0.0
SRR13675818_1										7.185841203740447	3.3067381266952696	14.224622897399147	13.085495263750063	32.76439199062554	12.810984178264137	0.0
SRR13675818_2										6.906194706791348	5.04344091242256	14.447779868253352	12.78250598742291	44.95352452625829	2.3459493274945262	0.0
SRR13675819_1										5.8768770975723275	3.8117635530731735	17.394233360280246	14.798755542490385	46.31562186129688	0.0	0.0
SRR13675819_2										4.4388917468949805	3.940373827196786	43.60010778765832	12.260846133117758	23.04206168393719	0.0	0.0
SRR13675820_1										4.417653505840841	2.580127776738218	5.033548076666043	2.8928867384853914	9.508941698521745	12.591622336870806	52.71886444438504
SRR13675820_2										4.4572161779250985	1.1163089096206795	5.386938971905156	3.2521585714667594	7.383784650752492	12.472399689914191	56.17792509823839
SRR13675821_1										5.8838732494949975	3.0266137972780878	5.909718490909956	4.869787592923845	16.05805657387318	17.967883886852253	33.545082942820805
SRR13675821_2										7.155731182283767	1.5364315883261126	6.693237388542396	7.786899183154344	11.84732263703079	38.826353984588074	13.932625536458792
SRR13675822_1										6.982430419257963	3.290217314195181	12.793870746529832	11.233181205514436	32.98682872614628	17.088604601669466	0.0
SRR13675822_2										6.168034240582657	3.635460758116768	16.386294308212538	9.58405259050817	36.461018231691455	15.458866371869753	0.0
SRR13675823_1										9.74165850719289	4.707388717330723	14.842208330195076	9.36205468102734	37.85945620245537	0.0	0.0
SRR13675823_2										10.60179257362356	6.63402877155984	14.446787677939293	13.347141673570837	31.431046170068537	0.0	0.0
SRR13675824_1										1.5184081546252421	0.8141598684317652	1.6307622164688258	0.0	0.0	0.0	89.64307231367951
SRR13675824_2										1.2285672414635338	0.08630094605376712	2.188461726344585	0.0	0.0	0.0	89.64307231367951
SRR13675825_1										6.131060731424789	3.2516961773953335	20.103839152738708	19.464669865960616	10.348750620552707	0.0	21.564206519940427
SRR13675825_2										6.92123117656793	1.034254509349661	22.28818467648519	11.107893430415357	19.044762535164654	0.0	21.564206519940427
SRR13675826_1										7.829878221940096	3.150527036733876	11.045554015000919	10.522693483453887	28.92270684730134	19.355194360456377	3.8651587792125355
SRR13675826_2										6.442376760269282	3.852463124133438	14.444648614336067	13.655513422314284	33.58268045370262	14.49944038888796	0.0
SRR13675827_1										8.482452184815724	3.4892161499290606	15.59286429176336	13.211178689660482	30.458739812808638	11.4767440581591	0.0
SRR13675827_2										7.952883208869042	4.614893921230052	20.405178007764814	12.629367706740869	39.00388240599189	0.0	0.0
SRR13675828_1										4.627543764708843	3.1273990359808206	4.7062006821127875	3.149422972853925	7.228256081752854	23.665664053159492	42.78999232308486
SRR13675828_2										4.552033124001057	1.6335468606451125	6.407077864055677	1.7096867566921308	7.289923104997547	32.96794573301954	35.663046350948285
SRR13675829_1										6.509070195425466	2.7918967078549937	9.818742149388017	6.110332135658575	19.533052902170418	31.958928519265033	9.2695644553501
SRR13675829_2										5.92849005345719	1.4518154996640669	10.99450822305962	2.5852247831040223	30.082084538310987	36.228200858820436	0.0
SRR13675830_1										6.093285067187233	3.522354680363133	22.03248488524155	14.27041676932699	41.76790553986695	0.0	0.0
SRR13675830_2										6.021264901540852	2.2184106286602354	36.33891173739173	29.94522676875841	13.61465420844152	0.0	0.0
SRR13675831_1										7.859691628140785	3.1034965841759585	12.43335228724237	11.159732008207866	25.65988446356317	19.951873552704228	4.247323790452175
SRR13675831_2										5.84604481363363	2.287654412552432	15.62420166959216	19.033845088877353	41.49093096656695	2.060619545600633	0.0
SRR13675832_1										7.856250312390663	3.6402259209276755	14.332983455790474	13.141400509821564	37.29244764332484	6.60268905882941	0.0
SRR13675832_2										6.598690458339582	3.0254410956165345	17.133003448792923	30.92467636327286	26.489228769930524	0.0	0.0
SRR13675833_1										2.049639294736568	1.3725030601349064	3.3856811730083076	0.39716644529520534	0.0	0.0	85.1153735968956
SRR13675833_2										1.8549626272885902	0.5000390655519963	4.881240721931401	0.0	0.0	0.0	85.1153735968956
SRR13675834_1										6.972697304189017	3.8932472634130093	9.539288544813406	3.8846326139143823	6.266870355268145	12.514214171672736	44.57219650589816
SRR13675834_2										6.950299215492587	3.0289107637173935	7.545858650831026	9.412366042200295	0.0	9.483580478055616	52.25186937894121
SRR13675835_1										7.186514099691645	2.859171689725723	10.95421369536106	8.461111957744698	44.50976132498516	11.033004659366883	0.0
SRR13675835_2										5.29942187535464	2.8967838371523715	10.882231827010061	18.03113377927506	46.16664126765907	3.356559915178123	0.0
SRR13675836_1										6.514643930353266	2.94927463300312	9.938390533565297	10.731693289816107	35.86540811778407	19.2268982473293	0.0
SRR13675836_2										4.970812784862906	3.419433221664678	13.077813403114261	7.763727336774454	57.25906169573407	0.0	0.0
SRR13675837_1										5.622424974171946	2.396096540907903	6.93125381197177	7.6239435392524175	25.32393980507599	15.677317367654563	22.713750482331122
SRR13675837_2										5.017488392934938	1.908164154395748	5.601264641083409	5.0224672948381235	47.828576407473335	0.0	22.713750482331122
SRR13675838_1										6.856301679462834	3.056852197420336	7.510246966952505	2.5501130039346167	42.95243984524207	15.186853237165982	6.53890564034651
SRR13675838_2										5.431850145290773	3.5931420566168866	4.257484800560368	1.0134783869714399	53.73679112604454	19.464038481533567	0.0
SRR13675839_1										8.267411259751245	3.496741752561171	12.581064569692032	11.208449512829349	40.698721764466306	6.346141796422193	0.0
SRR13675839_2										5.365534634543689	2.8658479275666533	20.20387543469407	12.50430777906576	43.221513831886966	0.0	0.0
SRR13675840_1										7.4799192474550065	2.9779648640522316	13.816416820583308	14.111507237661613	38.94291482324642	5.691336282805722	0.0
SRR13675840_2										5.732571624930201	1.6292255487307246	18.60787766848503	12.447059834199562	47.28104462866715	0.0	0.0
SRR13675841_1										6.018051139873733	4.26115388672081	15.976313529314268	7.340997785043772	4.001988940286588	0.0	52.93142676330104
SRR13675841_2										5.835731613603146	3.8935012882908673	21.108382177889613	6.555969081019181	0.0	0.0	52.93142676330104
SRR13675842_1										1.1295143418597355	0.6275079676998531	2.101326023415955	0.4665026338821276	0.0	0.0	89.65107254322375
SRR13675842_2										1.043644830490282	0.32283633601400336	2.6330564592037256	0.0	0.0	0.0	89.65107254322375
SRR13675843_1										5.665592969141362	2.9314278446711812	7.247588073911226	2.7082095033911022	12.045225074168187	3.6766137258515386	55.61978129793679
SRR13675843_2										5.792256400007267	2.737539355210461	8.561461612934206	3.923711238524371	4.594664043418563	38.60924591134079	24.647976889114993
SRR13675844_1										7.840694277367246	3.2637337457753337	16.549712627217353	15.225029119169006	36.19178553015982	2.7920986805674897	0.0
SRR13675844_2										5.9030761299192305	3.782150426762903	21.446984017872488	21.991655687307862	32.47026025854003	0.0	0.0
SRR13675845_1										7.7002445892339635	3.598544796826506	13.482005220644153	14.195219205393295	39.14249892092985	4.769695599449161	0.0
SRR13675845_2										5.766139806383984	3.8706760117567263	17.882967134606293	19.916551908412636	37.93147390705609	0.0	0.0
SRR13675846_1										5.669082503752683	3.359456298520108	8.43455598633379	4.305224286069492	19.25977769387323	11.077549291364686	34.884748915636024
SRR13675846_2										6.173737671403181	1.7276151359714151	10.583944966801425	3.434049489358959	12.291300223779572	53.016419711020454	0.0
SRR13675847_1										6.134561594119143	3.036362375459442	6.334519984280727	2.9190457477056797	10.887329804202594	16.018054046556788	43.73194017429899
SRR13675847_2										5.426038512217111	4.189879562634365	6.021868281744839	0.3606185995977716	33.306363993619826	37.58235280519661	0.0
SRR13675848_1										7.899550300641706	4.027083017533222	14.23626901116669	7.3932595624273665	44.636450912030725	5.495932494568239	0.0
SRR13675848_2										5.498458895457531	5.10989843868425	13.234803698650902	19.219847405386286	42.730534081147994	0.0	0.0
SRR13675849_1										7.377584923473555	3.3265854499900147	11.662339548648305	4.801739319885982	35.50445723415458	21.43784382432506	0.0
SRR13675849_2										5.3187240145972146	3.1223333756967264	15.922130031409429	4.243450316817662	44.24326875941829	12.587828391946113	0.0
SRR13675850_1										1.5793232747076156	0.7856441389161682	2.3372913132756	0.5356664583519329	0.0	0.0	87.94214802249799
SRR13675850_2										1.3168467101151682	0.7418980448174269	2.6042317650209803	0.0	0.0	0.0	87.94214802249799
SRR13675851_1										7.447587614369831	3.177455106484781	10.03720376138816	8.5832299895517	10.567430596920193	21.066507826460565	24.164868322120125
SRR13675851_2										7.441728754308703	4.478122040055074	12.65709068538898	4.457616029841127	41.88303762364636	0.0	12.96272788524446
SRR13675852_1										7.0508754997931895	4.233650443494645	15.438209476538445	16.06691483983639	45.076520060664556	0.0	0.0
SRR13675852_2										6.9552828714554895	5.0195321476170776	24.663817271014292	36.251665977296746	15.548508663081941	0.0	0.0
SRR13675853_1										7.021374527831773	3.2520170570177607	9.225396849549039	6.808352004503905	40.088176108763214	4.723394057432394	14.659753578588195
SRR13675853_2										5.436639113217668	3.1656668555973573	13.956018456880056	9.520585203303371	33.589467557810885	20.7240483408969	0.0
SRR13675854_1										7.639392592245958	3.528861227450338	12.793467324925711	9.00255036383631	39.132876295655024	12.101359414118253	0.0
SRR13675854_2										5.967383420295281	3.461943424038934	20.438007440511008	11.251550106460142	44.81246636561455	0.0	0.0
SRR13675855_1										6.545133904769716	3.6586966328999715	9.566911372677685	8.159783455686338	16.73543042283558	14.057745150309643	26.38231554771767
SRR13675855_2										6.274863634499446	2.9007915350859204	10.74396095640405	5.250379362670713	20.11975556740352	21.626953205101916	21.157773858836073
SRR13675856_1										8.316653040511968	3.5514927687406614	7.726029714414592	5.383270840968678	22.71292041385921	29.00890868596882	8.025570184094049
SRR13675856_2										7.363761946378731	4.242197851766232	17.073806771729018	2.0199599672972286	53.08068563051507	0.0	0.0
SRR13675857_1										7.8349466531004675	3.2577546696039357	12.83639350689356	12.394403009455889	41.75713392265399	5.28801725023103	0.0
SRR13675857_2										5.56245274388821	4.320025389950433	23.89409030234577	13.964006011444146	37.7619505456039	0.0	0.0
SRR13675858_1										7.515480575265202	3.0895916339659375	15.466524824118585	10.740558605393362	46.13462329763852	0.0	0.0
SRR13675858_2										5.338164008791562	3.2602041328368845	21.146917433586577	18.290161680432753	37.175459901044746	0.0	0.0
SRR13675859_1										5.371410443201579	2.668961789725995	6.168045307139165	0.29433190769375384	0.0	14.398176434647741	61.934248249283264
SRR13675859_2										5.008929830333224	2.018611646378719	4.130634017953659	0.0	0.0	10.943742068900692	69.22674719180336
SRR13675860_1										7.543997188505312	4.043145630018112	10.366845989565029	5.681381957773512	27.711605525668404	23.876077964910383	6.2296234219134385
SRR13675860_2										7.951663918250384	4.599497174988511	9.600173015057717	6.381552269470952	57.41829093563299	0.0	0.0
SRR13675861_1										6.812345102546604	3.0755001616321254	8.215401745626954	9.631029776229303	54.5342300923099	2.256564060198987	0.0
SRR13675861_2										4.735372292661902	1.573219352753134	19.471283359074746	15.801785137028123	46.344420099852734	0.0	0.0
SRR13675862_1										6.9818473676121515	4.258098669717721	7.921924896258474	4.20857596611964	22.5268532591062	31.891767277446675	8.639150258713435
SRR13675862_2										7.214091770692805	3.801294421011288	6.634334602708379	2.5444423572806913	45.04602196075753	22.161409860141053	0.0
SRR13675863_1										6.958166418006884	5.159592589546891	15.768946113271385	10.564712239935153	49.403803907287106	0.0	0.0
SRR13675863_2										7.377559531501475	5.680015976880514	37.33421049540077	22.688345100619102	14.3004828307273	0.0	0.0
SRR13675864_1										5.286091980285276	2.0851693486089804	6.671671508306949	3.3782681071906517	2.2538107517054544	5.409581007713984	66.37943227687654
SRR13675864_2										4.55603790623538	2.5541012501224007	5.4090370031878665	2.060689144933686	2.2538107517054544	0.0	74.3082982450414
SRR13675865_1										7.351817873989086	3.7617431431068833	9.058264889084882	7.0604540550756365	33.168227169282375	15.886415358810604	8.444825929804944
SRR13675865_2										8.205435116427406	2.766381340116073	10.341053162084906	21.157738071801493	30.024647804140514	12.213656300939451	0.0
SRR13675866_1										8.143820069562516	3.621393494264976	13.330801695046906	14.314688392726143	38.416891781093845	4.7351704972080055	0.0
SRR13675866_2										5.786375758412663	3.216619054605712	27.004669146521444	17.909758602535668	30.993725564656028	0.0	0.0
SRR13675867_1										6.956014109931603	3.518788400708809	15.25180928407002	11.285461139724758	31.87362337081629	10.810989848136064	4.45075600748555
SRR13675867_2										5.670056141629266	3.6922643790470824	22.293112299819487	19.216501333156682	23.624612887733303	10.7323253233526	0.0
SRR13675868_1										5.862408029023836	2.5660326179093347	6.092293086495101	2.8006645644729256	23.790051876716507	30.028820398060557	17.875428067677078
SRR13675868_2										4.840470620147153	1.2457193232292407	8.894313904994405	0.342454141660733	27.541450513681216	35.75763740548605	11.092123554741804
SRR13675869_1										7.2949281904505785	4.0755040755040755	9.455297514999007	6.602764811720036	30.52242007465888	19.553455374350897	8.309802339653086
SRR13675869_2										6.519525922510998	3.998668177772655	14.448990568393553	0.5237647028691805	59.68228356288058	0.0	0.0
SRR13675870_1										8.043209413880978	4.173381052315995	18.193955179133564	13.501536501274172	35.20414855344026	2.439195772747714	0.0
SRR13675870_2										5.322946334882326	4.055801229201019	31.53622020686554	14.52274771398591	28.810804227252284	0.0	0.0
SRR13675871_1										8.006994061077446	2.806166028559083	14.1453880397536	14.78852009285219	31.399415151789213	5.988162350647654	5.509330439239094
SRR13675871_2										5.18022770894255	4.6199993970637	16.062223026137286	18.6332438977822	24.632460080592487	16.107945695537264	0.0
SRR13675872_1										5.228132636589272	2.4705064155325434	6.773475234321663	4.982485691863025	11.385257355052351	16.239496200447906	41.24252690950622
SRR13675872_2										5.238979384797964	1.348186997939118	9.815031040841198	3.7242628996548186	7.668650983544845	48.157647914553145	12.639013839174625
SRR13675873_1										8.508191397036509	4.8552063422763405	10.436111362535208	4.212033926280088	36.42442990325792	19.873921168784843	0.0
SRR13675873_2										7.2372869624478895	4.457483002252168	15.06024417124998	5.23003529994303	53.12242105431293	0.0	0.0
SRR13675874_1										5.870908787202893	3.0980711976653925	10.896799740599176	5.865995892820297	63.05405166399732	0.0	0.0
SRR13675874_2										8.129857624320792	2.797402061450483	10.001670384090083	30.508091537048138	33.884232556768495	0.0	0.0
SRR13675875_1										7.642455220303619	4.00368951669748	11.20026100511135	10.66455606977859	32.91081117005208	18.523709978209297	0.0
SRR13675875_2										5.261991936230973	4.1378171433635025	20.31771733307555	14.412879474445264	42.64372399515046	0.0	0.0
SRR13675876_1										7.542525895657132	3.521809369951535	11.588900503658653	7.938800722227501	36.862586714815166	16.712914568088948	0.0
SRR13675876_2										6.132281668725648	3.3730875225696093	16.77515917514017	20.497481706737624	38.09369951534733	0.0	0.0
SRR13675877_1										5.898857913965046	3.544745416844946	7.463877826416088	5.162426356844288	18.219892703156372	11.545930289964783	35.866273903169535
SRR13675877_2										6.5571207583187965	1.5822993121153275	13.254122371062765	1.3568442879241682	7.658065365500444	56.85087055261165	0.0
SRR13675878_1										6.950455843079473	3.3261580256008836	10.258195966479418	7.049452067409521	21.616286030021183	11.294202965282254	25.653835528133346
SRR13675878_2										5.67098719955797	3.916682014918501	14.233009485219632	6.749010037756699	16.440279952113453	39.4039506400221	0.0
SRR13675879_1										7.503127436227495	3.6690719219681998	11.965842957376218	12.023405914027231	31.760248019290387	12.444929927298439	4.8221440614971804
SRR13675879_2										6.008303569809816	3.621933752742172	18.50535743423319	13.351433181645122	43.225247928640066	0.0	0.0
SRR13675880_1										7.82882109036151	3.6750124603654335	13.292823889967021	12.052619858110901	37.066140680176886	10.086533261222282	0.0
SRR13675880_2										6.066872395253396	3.97087986086809	21.218146533897496	27.695415645977157	25.40482931950498	0.0	0.0
SRR13675881_1										7.011658139729934	2.9863190768213683	8.376296924875797	7.981114109654596	42.73105367283204	10.809557405114187	5.335214686394561
SRR13675881_2										6.058483109758203	3.6977468165828773	6.792605493090467	10.042379780059301	39.65247593627738	21.54461717589829	0.0
SRR13675882_1										2.158079594369768	0.9496395278210579	8.486016848443235	10.324557002139066	47.84746613146011	16.95618876594396	6.8265244143977615
SRR13675882_2										2.8911717326431985	2.1020941717062347	8.245702062481843	6.924762986241319	46.44518974304804	24.75031029656429	0.0
SRR13675883_1										3.84055678582727	2.1287215719357446	4.846567541917115	0.0	11.832401841892509	14.85394917220289	53.906288445991066
SRR13675883_2										3.531231326232908	2.1245034974867307	2.52732960736757	0.0	11.41481247144012	18.379556399170447	53.906288445991066
SRR13675884_1										1.8418486996390082	0.6882559089352059	9.653500566519986	16.417485705251508	35.8499117282812	23.353271323548785	5.791678743643119
SRR13675884_2										2.002582277146847	1.9040341492977786	11.282970145714211	12.783325867566072	39.22426286527364	23.54140865853337	0.0
SRR13675885_1										6.244746231296584	5.024937888778884	15.418526889955727	5.138886294435208	0.0	0.0	58.34531970933816
SRR13675885_2										6.891076532232454	8.867427568042142	16.01068499803859	0.0	0.0	0.0	58.34531970933816
SRR13675886_1										1.6334073811346113	0.9993341920389279	13.403896532198347	14.326071670804632	41.3385851269702	21.63626973311679	0.0
SRR13675886_2										2.551849017155444	1.5525148251165164	14.698177428487869	8.829111364159619	62.686752910576395	0.0	0.0
SRR13675887_1										0.8120638607781724	0.3493873820698584	1.5527270303976544	2.783674945973477	15.740520368237165	12.083852971696766	63.25720432973792
SRR13675887_2										0.2560904789558363	0.8453841833188945	3.1359183556896832	0.0	27.929094353633342	0.0	63.25720432973792
SRR13675888_1										3.5285029014929665	3.239251899894001	13.827455489480966	4.633405795799572	16.37502021163831	18.388099387362786	34.50800380877095
SRR13675888_2										3.5392824419252262	4.88582670092165	14.772461867375721	1.9663678338513502	37.782289215069795	28.446308905696988	0.0
SRR13675889_1										2.2974019341340055	2.4250811380747623	21.757360088304583	15.133692482577969	51.3945864017529	0.0	0.0
SRR13675889_2										2.7216263859371654	2.4621492940575624	24.14043064959884	14.188866373416367	47.32532661164105	0.0	0.0
SRR13675890_1										1.907368246465149	1.5430727583980477	13.341507768675326	15.405848867722236	60.92323731333559	0.0	0.0
SRR13675890_2										2.0471629378209797	2.003921359562608	15.877952126241714	13.024600311576304	58.411671672027445	0.0	0.0
SRR13675891_1										1.8752128850177605	1.9123157023989101	10.56152985256192	5.088560167388448	12.058415648873535	7.660819424845506	56.90720646197265
SRR13675891_2										1.9548927059510488	1.2925161792613498	15.09537248795679	6.165150114349666	13.39655004622646	0.0	56.90720646197265
SRR13675892_1										2.8640885783742926	1.6724207200397676	11.61637828304495	11.368511368511367	37.93793793793794	4.699938033271367	23.70465703799037
SRR13675892_2										3.6356083975131592	1.6908064527112145	16.406883073549743	12.331378998045665	56.415599272742135	0.0	0.0
SRR13675893_1										2.7999458392657117	1.8385928056491287	13.232452127244901	11.272818286633376	28.312934157780067	16.06358141958567	20.634419146640187
SRR13675893_2										2.3498373126428387	1.8956257000890369	15.206036460021583	13.142594545357564	44.843857064898515	14.38336773087039	0.0
SRR13675894_1										3.7709537572254335	3.145231213872832	9.052745664739884	5.736271676300578	10.165462427745666	16.89378612716763	45.695086705202314
SRR13675894_2										4.3049132947976885	4.321531791907515	11.677745664739884	4.484826589595375	7.256502890173411	37.30419075144509	22.441473988439306
SRR13675895_1										1.838741533026413	0.5334019500118224	8.523304171244977	9.588021753341586	49.638371559314024	23.75829311375996	0.0
SRR13675895_2										1.8929857991293102	0.6307634532734329	14.73149088279066	1.066803900023645	48.06250608509395	24.889077430212666	0.0
SRR13675896_1										7.153308762858243	4.083832994114088	16.54876505858408	7.291930249188624	40.09791517685241	12.423125584465593	0.0
SRR13675896_2										8.183068375598218	4.3797788657241865	26.035535508003743	10.676054788492216	30.74646570218384	6.658232025964024	0.0
SRR13675897_1										2.501122922593203	1.970354843539452	10.239556819883216	10.020212606677646	44.11139392124569	15.66252432998952	8.06408144931876
SRR13675897_2										5.431202275789789	0.8122473424165295	10.91331037580476	9.68857613415182	47.08863602335679	0.0	8.06408144931876
SRR13675898_1										2.002503128911139	2.1704066703097182	12.211567275996405	8.467009818611292	56.261788503234676	12.527543231856722	0.0
SRR13675898_2										2.2933596573181267	2.424245095101271	18.62142819369282	12.397098485783285	54.951612050274115	0.0	0.0
SRR13675899_1										2.306326897826193	1.9592228760394885	13.283567572824978	12.155327530029664	49.47539269561834	14.420925934931672	0.0
SRR13675899_2										2.407236298205515	2.1938676263191166	23.572679083791275	12.21490054953071	49.91793512619754	0.0	0.0
SRR13675900_1										2.0722343494786974	0.698377322200003	0.27858767497595754	0.0	1.6715260498557452	31.52620250652582	59.85742417072464
SRR13675900_2										1.9943824512662385	0.8998763528675449	0.0	0.0	19.407257018119648	34.23270085026485	37.11856386145415
SRR13675901_1										1.5456703932575435	0.6305328867713886	3.5504819409720585	1.243769360189946	28.848845071308393	0.0	60.38492381716119
SRR13675901_2										1.4088714876487884	1.1195496642923408	2.3837602402629052	0.0	29.155463308017676	0.0	60.38492381716119
SRR13675902_1										1.221992416408135	1.5020682523267839	9.758703895208548	11.348672871423647	64.39589796621854	5.141330575663564	0.0
SRR13675902_2										1.417614615649776	1.3081695966907962	6.895897966218545	8.350568769389866	73.34367459496725	0.0	0.0
SRR13675903_1										2.555969951016331	1.021112917450299	3.7247776608970065	1.6995526654128548	18.305122565426668	25.05392453752404	42.886742532912564
SRR13675903_2										3.7964999521851395	0.5684655679874193	2.0932283531499367	0.0	17.251070521607005	31.51689989693241	37.1176139321879
SRR13675904_1										3.987588020204063	3.0907532879504798	14.46804660347131	15.077468424498225	28.4985868865198	22.78971487574714	5.543343463751378
SRR13675904_2										4.7886184487154235	3.7704315983883587	16.83973536722322	11.81213840528414	42.671769132917824	10.629487500199593	0.0
SRR13675905_1										3.1972873506182027	2.295000620270438	7.531737170739776	3.5024604060703797	37.12111814084274	39.24327006574867	0.0
SRR13675905_2										4.905925650250175	2.372741181821941	6.557499069594343	3.4007360542529876	71.7322085762726	0.0	0.0
SRR13675906_1										2.0396025389924013	1.439719439288754	12.733928772854522	8.453224499841056	48.28700048195736	14.725335575631416	5.68966047641998
SRR13675906_2										2.3708200453245007	1.4356176745044555	14.01880659153601	17.13512238640675	33.056122396661166	21.969052184702466	0.0
SRR13675907_1										6.092991569445627	5.1451928808651965	24.785829856084476	15.806863663459081	36.047006727412075	0.0	0.0
SRR13675907_2										7.532146810866047	4.146299923358597	39.0820063016265	29.157796133866988	7.395895427062932	0.0	0.0
SRR13675908_1										5.62997177315884	3.294842186297152	13.688734924300745	4.712599435463177	20.391326661534514	26.587118296125222	14.590710803181937
SRR13675908_2										7.868873492430074	1.957916345907108	12.621247113163973	7.599435463176802	23.076725686425455	34.42648190916089	0.0
SRR13675909_1										7.157179061790719	5.792307457430459	24.331558966320955	18.393705916479224	30.01801508381594	0.0	0.0
SRR13675909_2										9.09710842637734	5.695616329604788	20.220659331711637	15.869558579556442	34.200160812612594	0.0	0.0
SRR13675910_1										2.9329698868880256	2.987701487411732	17.327380824622782	19.49518147281664	49.805756476572725	0.0	0.0
SRR13675910_2										3.7035049687707926	2.192483526861411	25.105707110815395	28.4293103818334	29.410186516709235	0.0	0.0
SRR13675911_1										3.666242436421283	1.9767640907703874	7.308668438014007	3.873891977582781	16.69234376046621	24.73560036022358	35.77526216684901
SRR13675911_2										4.071866092095176	2.4359747248085384	5.073644882071434	0.681745446967498	15.199351002150921	63.90321596296544	0.0
SRR13675912_1										2.717261192243237	0.5245173787189589	1.3983502731407926	6.793697085772739	37.93718849979324	6.882930332774719	37.4104947004157
SRR13675912_2										2.618234052277624	0.7693647028097591	4.225520708642566	1.8673689250658365	39.86658541362875	40.45204257078808	0.0
SRR13675913_1										1.3956064741008944	1.2830212470840425	9.980004863681808	12.778423266412675	54.434506921739754	13.694416673421781	0.0
SRR13675913_2										1.9391679501382546	1.1686346564349213	13.06709178848388	11.011735884064237	63.26659281075775	0.0	0.0
SRR13675914_1										2.8495589457597124	0.8032817652894335	5.9972651955921386	3.6748263935437167	11.637397109687106	23.88020484221251	45.93398932890045
SRR13675914_2										3.338070086065904	1.2596187360913746	9.047376464595008	1.4794755610370807	18.280826876156258	9.020028420516397	49.16159476633509
SRR13675915_1										3.2078555943285765	2.111133009494882	9.026513790185145	13.539770685277716	26.309748774012544	25.97586282852406	13.398332888924958
SRR13675915_2										4.51673487369141	3.2159708777258658	11.173585911868022	14.041758929710053	19.56478894466536	37.85779704835549	0.0
SRR13675916_1										2.293504274949893	2.3433998325538914	14.53821238593791	15.251126878483175	58.7608987965868	0.0	0.0
SRR13675916_2										3.9307551142946546	2.401752264328059	14.319179344930527	21.213223168452476	48.619415291719875	0.0	0.0
SRR13675917_1										2.4528697908716226	2.8421233399480994	19.21557777438559	17.259769500839568	51.540795298427724	0.0	0.0
SRR13675917_2										4.066173103343001	2.4309265760952528	24.980918943672723	26.05899862616394	32.84994657304228	0.0	0.0
SRR13675918_1										3.742587531583561	3.551797040169133	6.579693703913783	1.8532460166039293	17.428969215696384	20.93848295776827	41.23343474449543
SRR13675918_2										5.482390553292425	3.4692930438818133	5.9227556334759965	0.0	37.003042334863096	0.0	41.23343474449543
SRR13675919_1										3.689299867899604	3.2327608982826948	22.475033025099076	14.677939233817701	26.11677675033025	23.080581241743726	0.0
SRR13675919_2										6.700132100396301	6.020607661822986	28.06340819022457	0.5305151915455746	48.1997357992074	0.0	0.0
SRR13675920_1										6.294794109981757	4.889073494917905	26.504267657023718	14.441621058118322	35.250521240552516	0.0	0.0
SRR13675920_2										6.426733124837113	4.250553818087047	50.66702501954652	23.11783294240292	2.6159760229345843	0.0	0.0
SRR13675921_1										3.0206454694435525	2.218543864416829	15.100756808393243	10.472614077130222	62.40086962966623	0.0	0.0
SRR13675921_2										4.2254449028666485	3.1557015918505162	24.92526620055834	15.972857013447966	42.212449868649685	0.0	0.0
SRR13675922_1										3.1033678151979465	4.248442266642469	12.797179227917347	13.25866583702782	40.65489616551295	19.557007423539275	0.0
SRR13675922_2										4.82400421733081	5.61561795131057	19.42564793929809	15.826225229663047	44.49716107956755	0.0	0.0
SRR13675923_1										4.646852813321887	4.992982025809792	6.635051714974859	0.0	0.0	0.0	80.38782824359866
SRR13675923_2										5.226006023193382	4.555551013177439	5.565321668506329	0.0	0.0	0.0	80.38782824359866
SRR13675924_1										5.4765035202307235	5.1955212486215965	14.039570786326236	1.616973449826109	10.154593264907966	13.843413351429298	43.18538468063449
SRR13675924_2										7.562134192891678	3.5329544490626854	16.00856730850793	0.0	4.581601492917127	57.532445500042414	0.0
SRR13675925_1										3.3467455621301774	3.156607495069034	13.841420118343194	16.25246548323471	41.70808678500986	14.823668639053256	0.0
SRR13675925_2										3.8429980276134126	4.302958579881657	27.202366863905326	17.33570019723866	37.5447731755424	0.0	0.0
SRR13675926_1										2.1113286965133815	1.6491472903114472	13.584832046578283	11.411228907346134	51.54523150336507	13.024362062109379	0.0
SRR13675926_2										3.1684936337512473	2.8458670027985984	16.00678266219491	9.789092218695838	57.72765810580653	0.0	0.0
SRR13675927_1										1.8724342405351984	1.8169378135928234	5.262277634179717	5.079063402767219	22.53383001368405	0.0	59.91105367188688
SRR13675927_2										2.3338908316861793	1.8435456895240991	4.082408392884294	1.942374942983123	24.748365516192795	0.0	59.91105367188688
SRR13675928_1										3.592881761271717	2.105226137722445	13.957234296968418	12.140395301399733	33.793345994232254	19.444327213898855	7.877189280438911
SRR13675928_2										4.108461700780755	4.165435745937962	17.629598368150805	9.129211507350355	40.15122740381234	14.91664908208483	0.0
SRR13675929_1										2.503489007099371	2.284035517080965	17.774721385085254	14.97390829473514	44.031269594061605	11.526364757994378	0.0
SRR13675929_2										2.7264820695374286	2.880706296393681	26.558928824255172	23.04362775833822	35.742602293642925	0.0	0.0
SRR13675930_1										2.553924410608414	2.099423198181995	13.742102300859491	18.726380960038593	34.35208186100049	21.750041260584926	0.0
SRR13675930_2										2.731662314909248	1.7710312607118825	21.97983097971672	21.961210818313777	41.72354984913437	0.0	0.0
SRR13675931_1										2.6994945116502396	4.182616002240687	7.866412366459047	0.0	0.0	0.0	79.75245742027555
SRR13675931_2										3.096949731250917	7.2875681875775244	4.066580417994851	0.0	0.0	0.0	79.75245742027555
SRR13675932_1										2.190991155422722	1.2411307065775363	6.2619302928673015	2.4267451499319357	11.91850516757546	0.0	72.14604579711468
SRR13675932_2										1.9772915668514672	1.3194618724951137	4.167522225517708	3.3096818842067637	12.246279269618915	0.0	72.14604579711468
SRR13675933_1										7.438747644140159	6.23677833762837	33.90899649986538	24.756721412362015	18.298780722335476	0.0	0.0
SRR13675933_2										8.581099273048963	11.810069618062233	39.634216700642334	13.083195507519521	14.135159044578637	0.0	0.0
SRR13675934_1										2.3699006698012965	1.1765616866775361	8.719892281153072	8.958215928107133	39.17068533105048	28.12692239855113	4.914457297478673
SRR13675934_2										1.891532627539717	1.682891889682823	21.197898966260425	9.438734905810536	44.899056599715216	11.358229694093962	0.0
SRR13675935_1										2.3017051564340214	1.930974448256439	10.439346612729787	6.757642480413743	31.221772748220594	35.69563213682216	5.1815249116698245
SRR13675935_2										2.9817194940857186	3.520405550719443	14.304879922167032	13.783603871165958	55.52409237544165	0.0	0.0
SRR13675936_1										3.030347274439521	0.5292704827676831	3.1712427270935386	0.5248903132551229	2.8084186858031406	6.391397347077332	79.1124316511049
SRR13675936_2										3.2851271344201023	1.5556902052109416	2.5638592213518665	0.0	0.0	18.495995795037267	67.48235156700564
SRR13675937_1										8.073394495412845	8.700583819849875	45.64470391993328	24.3302752293578	4.110091743119266	0.0	0.0
SRR13675937_2										13.31442869057548	7.249374478732277	47.67639699749792	19.64303586321935	0.0	0.0	0.0
SRR13675938_1										2.0778213086394626	1.8895644652488042	11.165666022183778	11.527551643431362	62.86570163834334	3.7161646484176245	0.0
SRR13675938_2										3.5285438078762597	2.998753434415386	15.449145212170551	19.00122112547064	49.34300905668058	0.0	0.0
SRR13675939_1										2.670031258576028	2.3822113936505596	15.036245222524917	17.80801745660948	51.3202899617802	3.4150161647668327	0.0
SRR13675939_2										2.992657246701785	3.021439233194332	28.8395504655319	25.12265811685486	30.148796176681238	0.0	0.0
SRR13675940_1										5.156466779713273	4.909819639278557	16.944144699655723	1.9757463645239195	9.285237140948563	0.0	54.59380299059657
SRR13675940_2										8.44766455988901	7.905554699141873	9.686038744154976	10.505626637891167	0.0	0.0	54.59380299059657
SRR13675941_1										2.331764670201635	1.7868606349800082	14.655795544727118	10.53919214691179	49.73892121132471	14.562282329035096	0.0
SRR13675941_2										2.4030369048642037	2.226625487153306	18.436256842892742	13.470957828067107	54.429240824331636	0.0	0.0
SRR13675942_1										6.404949722607489	3.71120839112344	14.85133495145631	21.740638002773924	40.76586338418863	0.0	0.0
SRR13675942_2										6.038704923717059	4.306085298196949	26.675190707350904	18.10852981969487	33.29576976421637	0.0	0.0
SRR13675943_1										1.7619865795601681	0.4913279146133131	2.9538752381561912	3.2586167002259714	19.283389867223306	32.411888363208504	34.947790255165586
SRR13675943_2										2.2680838703642623	0.7552074358885995	4.646445749619688	3.6421281686465834	8.30088173175859	62.24701289366541	10.489703283232327
SRR13675944_1										6.517073170731708	4.105923344947735	32.39303135888502	7.147038327526133	11.068989547038328	0.0	31.567944250871083
SRR13675944_2										10.949128919860627	8.303832752613241	18.0404181184669	18.472473867595816	3.0355400696864114	0.0	31.567944250871083
SRR13675945_1										2.3384642750506637	2.7965008798622715	10.254683598986093	11.00431354860842	49.75954666446437	17.42190825291752	0.0
SRR13675945_2										2.5690707765022776	3.531519398263146	20.876558817363463	22.461581465081856	40.9215366143408	0.0	0.0
SRR13675946_1										2.8426639213319604	2.8453264226632116	14.835457417728708	12.772906386453192	54.12155206077603	4.813802406901203	0.0
SRR13675946_2										2.7974013987006994	2.4708012354006175	34.65600482800241	20.787035393517698	28.28730164365082	0.0	0.0
