Sample	FastQC_mqc-generalstats-fastqc-percent_duplicates	FastQC_mqc-generalstats-fastqc-percent_gc	FastQC_mqc-generalstats-fastqc-avg_sequence_length	FastQC_mqc-generalstats-fastqc-median_sequence_length	FastQC_mqc-generalstats-fastqc-percent_fails	FastQC_mqc-generalstats-fastqc-total_sequences
SRR13675761_1	94.45190333280682	54.0	300.0	300	70.0	101296.0
SRR13675761_2	92.335334070447	53.0	300.0	300	70.0	101296.0
SRR13675762_1	92.66875551364342	55.0	300.0	300	40.0	98619.0
SRR13675762_2	89.651081434612	54.0	300.0	300	40.0	98619.0
SRR13675763_1	93.66805312163503	53.0	300.0	300	50.0	94726.0
SRR13675763_2	93.21094525262336	52.0	300.0	300	50.0	94726.0
SRR13675764_1	90.85902412258419	51.0	300.0	300	50.0	98414.0
SRR13675764_2	92.42384213628142	52.0	300.0	300	40.0	98414.0
SRR13675765_1	93.98723910457446	55.0	300.0	300	50.0	101717.0
SRR13675765_2	92.44963968658139	55.0	300.0	300	50.0	101717.0
SRR13675766_1	95.12810922012343	55.0	300.0	300	70.0	32082.0
SRR13675766_2	94.32703696777008	54.0	300.0	300	70.0	32082.0
SRR13675767_1	92.52196255211778	52.0	300.0	300	50.0	129994.0
SRR13675767_2	91.77346646768312	51.0	300.0	300	50.0	129994.0
SRR13675768_1	91.91145850017618	56.0	300.0	300	70.0	62434.0
SRR13675768_2	92.0059582919563	55.0	300.0	300	70.0	62434.0
SRR13675769_1	91.46654366189063	53.0	300.0	300	50.0	104061.0
SRR13675769_2	90.88803682455483	52.0	300.0	300	50.0	104061.0
SRR13675770_1	91.78926936521432	52.0	300.0	300	50.0	116433.0
SRR13675770_2	90.82820162668659	52.0	300.0	300	50.0	116433.0
SRR13675771_1	97.30024225882552	53.0	300.0	300	70.0	94527.0
SRR13675771_2	96.9310355771367	52.0	300.0	300	70.0	94527.0
SRR13675772_1	92.44528861105603	54.0	300.0	300	60.0	95821.0
SRR13675772_2	92.11863787687459	54.0	300.0	300	60.0	95821.0
SRR13675773_1	91.62573227085835	52.0	300.0	300	50.0	109932.0
SRR13675773_2	90.81705054033402	51.0	300.0	300	50.0	109932.0
SRR13675774_1	91.27074742632836	53.0	300.0	300	50.0	105977.0
SRR13675774_2	91.92560649952348	52.0	300.0	300	50.0	105977.0
SRR13675775_1	97.93794081226109	53.0	300.0	300	70.0	111442.0
SRR13675775_2	97.66515317384828	53.0	300.0	300	70.0	111442.0
SRR13675776_1	95.09340269567274	55.0	300.0	300	70.0	194534.0
SRR13675776_2	92.84289635744908	54.0	300.0	300	70.0	194534.0
SRR13675777_1	24.73684210526315	55.0	300.0	300	50.0	190.0
SRR13675777_2	14.736842105263165	53.0	300.0	300	50.0	190.0
SRR13675778_1	94.87433925538615	53.0	300.0	300	70.0	104806.0
SRR13675778_2	94.60908726599622	53.0	300.0	300	70.0	104806.0
SRR13675779_1	93.72811454361528	51.0	300.0	300	50.0	115659.0
SRR13675779_2	91.94096438668845	50.0	300.0	300	50.0	115659.0
SRR13675780_1	97.78860216068311	54.0	300.0	300	70.0	84788.0
SRR13675780_2	97.3250931735623	53.0	300.0	300	70.0	84788.0
SRR13675781_1	93.38228047698827	54.0	300.0	300	50.0	81176.0
SRR13675781_2	92.09125850004928	55.0	300.0	300	50.0	81176.0
SRR13675782_1	92.64271445854317	52.0	300.0	300	50.0	106629.0
SRR13675782_2	91.81085820930517	51.0	300.0	300	40.0	106629.0
SRR13675783_1	92.7422801835089	52.0	300.0	300	50.0	105281.0
SRR13675783_2	92.59505513815408	51.0	300.0	300	40.0	105281.0
SRR13675784_1	94.72199063682422	55.0	300.0	300	70.0	62372.0
SRR13675784_2	93.5676264990701	54.0	300.0	300	70.0	62372.0
SRR13675785_1	94.20312905467057	55.0	300.0	300	50.0	119461.0
SRR13675785_2	92.5749826303145	54.0	300.0	300	50.0	119461.0
SRR13675786_1	91.72772849980717	53.0	300.0	300	50.0	119278.0
SRR13675786_2	90.4097989570583	52.0	300.0	300	50.0	119278.0
SRR13675787_1	91.83632314517685	54.0	300.0	300	50.0	114054.0
SRR13675787_2	90.6105879671033	53.0	300.0	300	50.0	114054.0
SRR13675788_1	95.56958817745974	53.0	300.0	300	50.0	98659.0
SRR13675788_2	94.5124114373752	52.0	300.0	300	50.0	98659.0
SRR13675789_1	92.3685546519536	53.0	300.0	300	40.0	104397.0
SRR13675789_2	91.67025872390968	52.0	300.0	300	50.0	104397.0
SRR13675790_1	92.94374075403321	54.0	300.0	300	50.0	114239.0
SRR13675790_2	91.63945762830556	53.0	300.0	300	50.0	114239.0
SRR13675791_1	93.03758707800658	52.0	300.0	300	50.0	104504.0
SRR13675791_2	92.10747913955447	52.0	300.0	300	40.0	104504.0
SRR13675792_1	33.05785123966942	54.0	300.0	300	40.0	605.0
SRR13675792_2	25.289256198347104	52.0	300.0	300	40.0	605.0
SRR13675793_1	95.04285570232933	52.0	300.0	300	70.0	49585.0
SRR13675793_2	93.982051023495	51.0	300.0	300	70.0	49585.0
SRR13675794_1	92.85458104050744	54.0	300.0	300	50.0	97587.0
SRR13675794_2	91.53268365663459	53.0	300.0	300	50.0	97587.0
SRR13675795_1	93.38839007058145	55.0	300.0	300	50.0	104135.0
SRR13675795_2	91.94315071781821	54.0	300.0	300	50.0	104135.0
SRR13675796_1	93.13174575980813	52.0	300.0	300	50.0	116740.0
SRR13675796_2	91.6772314545143	52.0	300.0	300	40.0	116740.0
SRR13675797_1	94.15004764944001	54.0	300.0	300	50.0	114377.0
SRR13675797_2	92.88755606459341	53.0	300.0	300	50.0	114377.0
SRR13675798_1	96.40053157075661	52.0	300.0	300	50.0	114378.0
SRR13675798_2	95.40908216615084	51.0	300.0	300	50.0	114378.0
SRR13675799_1	92.76747746215342	53.0	300.0	300	50.0	88185.0
SRR13675799_2	91.86029370074276	52.0	300.0	300	50.0	88185.0
SRR13675800_1	92.52727221475753	53.0	300.0	300	50.0	106427.0
SRR13675800_2	91.23248799646706	52.0	300.0	300	40.0	106427.0
SRR13675801_1	91.6234309623431	53.0	300.0	300	50.0	95600.0
SRR13675801_2	91.68410041841004	53.0	300.0	300	50.0	95600.0
SRR13675802_1	91.51929181206995	53.0	300.0	300	50.0	101442.0
SRR13675802_2	91.08456063563415	53.0	300.0	300	50.0	101442.0
SRR13675803_1	96.63309481617729	55.0	300.0	300	70.0	44581.0
SRR13675803_2	95.8771674031538	54.0	300.0	300	70.0	44581.0
SRR13675804_1	89.92454390407772	54.0	300.0	300	70.0	38698.0
SRR13675804_2	87.64535634916533	54.0	300.0	300	70.0	38698.0
SRR13675805_1	94.38521760499924	53.0	300.0	300	50.0	256359.0
SRR13675805_2	91.38980882278368	52.0	300.0	300	50.0	256359.0
SRR13675806_1	91.60653088518013	53.0	300.0	300	50.0	71782.0
SRR13675806_2	89.81638850965423	52.0	300.0	300	50.0	71782.0
SRR13675807_1	91.05211498013554	53.0	300.0	300	50.0	106975.0
SRR13675807_2	89.9228791773779	53.0	300.0	300	50.0	106975.0
SRR13675808_1	92.54096708233736	53.0	300.0	300	50.0	104169.0
SRR13675808_2	92.02929854371263	51.0	300.0	300	50.0	104169.0
SRR13675809_1	92.66994956750919	54.0	300.0	300	50.0	100927.0
SRR13675809_2	92.2666878040564	53.0	300.0	300	50.0	100927.0
SRR13675810_1	92.89929116617391	55.0	300.0	300	50.0	80837.0
SRR13675810_2	92.29808132414612	55.0	300.0	300	50.0	80837.0
SRR13675811_1	92.53030516597364	52.0	300.0	300	50.0	113512.0
SRR13675811_2	90.18782155190641	51.0	300.0	300	50.0	113512.0
SRR13675812_1	89.8410659191996	54.0	300.0	300	50.0	102747.0
SRR13675812_2	89.69118319756295	53.0	300.0	300	50.0	102747.0
SRR13675813_1	85.11687007490752	52.0	300.0	300	50.0	97587.0
SRR13675813_2	87.18681791632082	52.0	300.0	300	40.0	97587.0
SRR13675814_1	87.79663498493186	52.0	300.0	300	40.0	163922.0
SRR13675814_2	89.1411769012091	53.0	300.0	300	40.0	163922.0
SRR13675815_1	92.29113599115377	53.0	300.0	300	70.0	50643.0
SRR13675815_2	92.06998005647375	53.0	300.0	300	70.0	50643.0
SRR13675816_1	90.99368329340012	53.0	300.0	300	50.0	114775.0
SRR13675816_2	90.81158788934873	55.0	300.0	300	40.0	114775.0
SRR13675817_1	86.39550865422694	51.0	300.0	300	40.0	128781.0
SRR13675817_2	88.90441913015118	51.0	300.0	300	40.0	128781.0
SRR13675818_1	88.63580128758771	51.0	300.0	300	40.0	214199.0
SRR13675818_2	89.75858897567215	51.0	300.0	300	40.0	214199.0
SRR13675819_1	91.92694936429778	52.0	300.0	300	50.0	81642.0
SRR13675819_2	90.76333259841748	52.0	300.0	300	40.0	81642.0
SRR13675820_1	92.65577802133177	53.0	300.0	300	70.0	187045.0
SRR13675820_2	92.59215696757465	55.0	300.0	300	70.0	187045.0
SRR13675821_1	91.260907712084	53.0	300.0	300	50.0	147029.0
SRR13675821_2	90.91743805643785	54.0	300.0	300	40.0	147029.0
SRR13675822_1	89.37123128946061	50.0	300.0	300	40.0	211445.0
SRR13675822_2	90.84821111873063	51.0	300.0	300	40.0	211445.0
SRR13675823_1	83.55200723054907	51.0	300.0	300	50.0	132770.0
SRR13675823_2	82.18347518264667	52.0	300.0	300	50.0	132770.0
SRR13675824_1	94.32204907755687	52.0	300.0	300	70.0	122826.0
SRR13675824_2	93.92229658215687	53.0	300.0	300	70.0	122826.0
SRR13675825_1	86.66018533840807	54.0	300.0	300	70.0	48344.0
SRR13675825_2	87.14214793976501	55.0	300.0	300	70.0	48344.0
SRR13675826_1	89.63466582028965	51.0	300.0	300	40.0	299315.0
SRR13675826_2	89.96341646760102	51.0	300.0	300	40.0	299315.0
SRR13675827_1	88.13721500610407	51.0	300.0	300	40.0	181846.0
SRR13675827_2	88.66293457101064	51.0	300.0	300	40.0	181846.0
SRR13675828_1	92.02733485193622	53.0	300.0	300	70.0	158918.0
SRR13675828_2	92.38475188461975	54.0	300.0	300	70.0	158918.0
SRR13675829_1	90.4317471445681	53.0	300.0	300	50.0	136932.0
SRR13675829_2	90.63695849034558	54.0	300.0	300	40.0	136932.0
SRR13675830_1	91.48551067983246	54.0	300.0	300	50.0	105526.0
SRR13675830_2	91.32062240585259	54.0	300.0	300	50.0	105526.0
SRR13675831_1	89.32894921176461	52.0	300.0	300	50.0	242694.0
SRR13675831_2	89.91528426743142	51.0	300.0	300	40.0	242694.0
SRR13675832_1	88.35507572349678	52.0	300.0	300	40.0	200070.0
SRR13675832_2	88.2611086119858	51.0	300.0	300	40.0	200070.0
SRR13675833_1	93.37513347396933	52.0	300.0	300	70.0	153588.0
SRR13675833_2	93.28984035211084	53.0	300.0	300	70.0	153588.0
SRR13675834_1	91.53007661294954	53.0	300.0	300	50.0	174122.0
SRR13675834_2	91.44909890766245	52.0	300.0	300	40.0	174122.0
SRR13675835_1	89.81456562833363	52.0	300.0	300	40.0	308411.0
SRR13675835_2	90.40241755320011	51.0	300.0	300	40.0	308411.0
SRR13675836_1	90.0634067087461	52.0	300.0	300	40.0	278204.0
SRR13675836_2	90.06448505413294	51.0	300.0	300	50.0	278204.0
SRR13675837_1	90.19405270167664	53.0	300.0	300	70.0	160678.0
SRR13675837_2	90.85251247837289	54.0	300.0	300	70.0	160678.0
SRR13675838_1	89.5697094731773	53.0	300.0	300	50.0	182737.0
SRR13675838_2	90.79004252012456	52.0	300.0	300	40.0	182737.0
SRR13675839_1	88.13441837150286	52.0	300.0	300	50.0	255352.0
SRR13675839_2	88.35568156897146	51.0	300.0	300	40.0	255352.0
SRR13675840_1	88.40900304969718	52.0	300.0	300	50.0	232810.0
SRR13675840_2	89.58163309136205	53.0	300.0	300	40.0	232810.0
SRR13675841_1	93.05076318049633	54.0	300.0	300	70.0	66367.0
SRR13675841_2	92.84584206005997	53.0	300.0	300	70.0	66367.0
SRR13675842_1	94.8230592664762	52.0	300.0	300	70.0	121114.0
SRR13675842_2	94.4638935218059	53.0	300.0	300	70.0	121114.0
SRR13675843_1	92.9065883152985	56.0	300.0	300	40.0	385273.0
SRR13675843_2	91.82112424177141	56.0	300.0	300	40.0	385273.0
SRR13675844_1	87.72698630921693	52.0	300.0	300	50.0	209484.0
SRR13675844_2	89.30180825265892	52.0	300.0	300	40.0	209484.0
SRR13675845_1	88.34028734096562	52.0	300.0	300	50.0	243265.0
SRR13675845_2	89.00540562760776	52.0	300.0	300	40.0	243265.0
SRR13675846_1	90.97146119772721	54.0	300.0	300	50.0	108589.0
SRR13675846_2	90.5524500640028	55.0	300.0	300	40.0	108589.0
SRR13675847_1	92.34321181719412	56.0	300.0	300	40.0	173036.0
SRR13675847_2	90.6088906354747	56.0	300.0	300	40.0	173036.0
SRR13675848_1	88.7398312364206	52.0	300.0	300	40.0	197910.0
SRR13675848_2	89.5785963316659	51.0	300.0	300	40.0	197910.0
SRR13675849_1	89.09293923273843	51.0	300.0	300	40.0	220316.0
SRR13675849_2	89.23727736523902	51.0	300.0	300	50.0	220316.0
SRR13675850_1	94.15855727167217	53.0	300.0	300	70.0	112010.0
SRR13675850_2	93.57646638692974	54.0	300.0	300	70.0	112010.0
SRR13675851_1	89.54486422091809	56.0	300.0	300	40.0	102409.0
SRR13675851_2	88.23052661387183	55.0	300.0	300	60.0	102409.0
SRR13675852_1	91.74502504710695	53.0	300.0	300	50.0	108795.0
SRR13675852_2	91.64851325888138	53.0	300.0	300	50.0	108795.0
SRR13675853_1	90.2888357177908	52.0	300.0	300	40.0	262883.0
SRR13675853_2	89.94115252793068	51.0	300.0	300	50.0	262883.0
SRR13675854_1	89.08116708392802	53.0	300.0	300	50.0	213695.0
SRR13675854_2	89.79760874143054	52.0	300.0	300	50.0	213695.0
SRR13675855_1	89.46479104293975	54.0	300.0	300	70.0	243830.0
SRR13675855_2	91.27670918262724	54.0	300.0	300	70.0	243830.0
SRR13675856_1	89.3751233401934	56.0	300.0	300	50.0	141884.0
SRR13675856_2	88.1875334780525	56.0	300.0	300	40.0	141884.0
SRR13675857_1	88.59552502123609	52.0	300.0	300	50.0	214258.0
SRR13675857_2	89.22747341989565	52.0	300.0	300	20.0	214258.0
SRR13675858_1	88.37024919460865	52.0	300.0	300	40.0	199282.0
SRR13675858_2	88.9483244849008	52.0	300.0	300	40.0	199282.0
SRR13675859_1	93.40661277435728	53.0	300.0	300	60.0	170216.0
SRR13675859_2	93.31378953799877	54.0	300.0	300	50.0	170216.0
SRR13675860_1	89.90457138222811	55.0	300.0	300	50.0	184955.0
SRR13675860_2	89.67640777486416	55.0	300.0	300	40.0	184955.0
SRR13675861_1	89.57652383175892	51.0	300.0	300	50.0	222728.0
SRR13675861_2	91.33113034732948	51.0	300.0	300	40.0	222728.0
SRR13675862_1	90.53774825389777	53.0	300.0	300	50.0	117118.0
SRR13675862_2	90.69314708242969	54.0	300.0	300	40.0	117118.0
SRR13675863_1	91.73196433396379	52.0	300.0	300	50.0	85123.0
SRR13675863_2	90.69816618305276	52.0	300.0	300	40.0	85123.0
SRR13675864_1	93.95230168315	53.0	300.0	300	40.0	183822.0
SRR13675864_2	93.29133618391705	54.0	300.0	300	40.0	183822.0
SRR13675865_1	89.50932757955414	54.0	300.0	300	50.0	126989.0
SRR13675865_2	88.92659994172723	54.0	300.0	300	40.0	126989.0
SRR13675866_1	88.12043118402997	52.0	300.0	300	50.0	231734.0
SRR13675866_2	88.70170108831678	52.0	300.0	300	40.0	231734.0
SRR13675867_1	89.10827550800722	53.0	300.0	300	50.0	241532.0
SRR13675867_2	89.10330722223142	53.0	300.0	300	30.0	241532.0
SRR13675868_1	92.10795782049978	53.0	300.0	300	50.0	147465.0
SRR13675868_2	92.4124368494219	54.0	300.0	300	40.0	147465.0
SRR13675869_1	90.12722744066028	55.0	300.0	300	50.0	156177.0
SRR13675869_2	89.45811483124916	55.0	300.0	300	40.0	156177.0
SRR13675870_1	87.1969157547594	53.0	300.0	300	50.0	213472.0
SRR13675870_2	88.3300854444611	52.0	300.0	300	30.0	213472.0
SRR13675871_1	87.98398199230252	52.0	300.0	300	50.0	199026.0
SRR13675871_2	89.04816456141408	53.0	300.0	300	40.0	199026.0
SRR13675872_1	91.82920837879396	54.0	300.0	300	50.0	156729.0
SRR13675872_2	91.4910450522877	55.0	300.0	300	50.0	156729.0
SRR13675873_1	89.16989228991741	54.0	300.0	300	50.0	187819.0
SRR13675873_2	89.26093739185066	54.0	300.0	300	40.0	187819.0
SRR13675874_1	92.67094416004245	51.0	300.0	300	50.0	101773.0
SRR13675874_2	89.41860807876353	52.0	300.0	300	50.0	101773.0
SRR13675875_1	89.62504682383363	52.0	300.0	300	50.0	248271.0
SRR13675875_2	90.40765937221826	51.0	300.0	300	40.0	248271.0
SRR13675876_1	89.13047609997149	53.0	300.0	300	50.0	210460.0
SRR13675876_2	88.82067851373182	51.0	300.0	300	40.0	210460.0
SRR13675877_1	91.48866142250601	54.0	300.0	300	50.0	121532.0
SRR13675877_2	90.53664878385939	55.0	300.0	300	40.0	121532.0
SRR13675878_1	90.43362648494336	53.0	300.0	300	50.0	173744.0
SRR13675878_2	90.01116585320932	54.0	300.0	300	40.0	173744.0
SRR13675879_1	89.1967474663234	52.0	300.0	300	50.0	220628.0
SRR13675879_2	88.69137190202512	52.0	300.0	300	30.0	220628.0
SRR13675880_1	88.9505721163533	52.0	300.0	300	50.0	188598.0
SRR13675880_2	88.41769265845873	52.0	300.0	300	30.0	188598.0
SRR13675881_1	89.97883477806118	51.0	300.0	300	40.0	202691.0
SRR13675881_2	90.87576656092278	51.0	300.0	300	40.0	202691.0
SRR13675882_1	95.73401642591175	50.0	300.0	300	40.0	189335.0
SRR13675882_2	93.60181688541473	51.0	300.0	300	40.0	189335.0
SRR13675883_1	93.3157580231291	52.0	300.0	300	70.0	142245.0
SRR13675883_2	93.54775211782488	53.0	300.0	300	70.0	142245.0
SRR13675884_1	95.68285420674027	52.0	300.0	300	40.0	189755.0
SRR13675884_2	93.15380358883824	53.0	300.0	300	40.0	189755.0
SRR13675885_1	92.91651878280686	54.0	300.0	300	70.0	53533.0
SRR13675885_2	92.50742532643416	53.0	300.0	300	70.0	53533.0
SRR13675886_1	95.41588107549765	52.0	300.0	300	40.0	160707.0
SRR13675886_2	92.71842545750962	52.0	300.0	300	40.0	160707.0
SRR13675887_1	97.68852162488933	52.0	300.0	300	70.0	105041.0
SRR13675887_2	96.60037509163088	53.0	300.0	300	70.0	105041.0
SRR13675888_1	96.22356766856507	55.0	300.0	300	40.0	111322.0
SRR13675888_2	93.55203823143674	55.0	300.0	300	40.0	111322.0
SRR13675889_1	94.79315968961598	51.0	300.0	300	40.0	121398.0
SRR13675889_2	92.69427832418985	51.0	300.0	300	40.0	121398.0
SRR13675890_1	95.13324921957836	51.0	300.0	300	40.0	168819.0
SRR13675890_2	93.2146263157583	51.0	300.0	300	40.0	168819.0
SRR13675891_1	97.10780497299402	54.0	300.0	300	70.0	164408.0
SRR13675891_2	95.81772176536421	54.0	300.0	300	70.0	164408.0
SRR13675892_1	95.88500064690541	54.0	300.0	300	40.0	146853.0
SRR13675892_2	92.74580703152132	53.0	300.0	300	40.0	146853.0
SRR13675893_1	96.06185812349469	53.0	300.0	300	50.0	243719.0
SRR13675893_2	93.8527566582827	53.0	300.0	300	40.0	243719.0
SRR13675894_1	96.43280346820809	53.0	300.0	300	50.0	138400.0
SRR13675894_2	94.07658959537572	55.0	300.0	300	40.0	138400.0
SRR13675895_1	96.0283461062353	52.0	300.0	300	40.0	143794.0
SRR13675895_2	93.69862442104677	52.0	300.0	300	40.0	143794.0
SRR13675896_1	91.62770229385555	54.0	300.0	300	50.0	90895.0
SRR13675896_2	90.48022443478739	54.0	300.0	300	50.0	90895.0
SRR13675897_1	94.98577631381943	53.0	300.0	300	40.0	133580.0
SRR13675897_2	86.49648150920797	54.0	300.0	300	50.0	133580.0
SRR13675898_1	95.55474272417987	52.0	300.0	300	40.0	226916.0
SRR13675898_2	92.58139575878299	51.0	300.0	300	30.0	226916.0
SRR13675899_1	95.5466128483198	51.0	300.0	300	40.0	164504.0
SRR13675899_2	92.27374410348685	50.0	300.0	300	40.0	164504.0
SRR13675900_1	97.64078218260086	57.0	300.0	300	70.0	131018.0
SRR13675900_2	95.56854783312217	56.0	300.0	300	70.0	131018.0
SRR13675901_1	97.19640863562746	53.0	300.0	300	70.0	63597.0
SRR13675901_2	95.86772960988726	54.0	300.0	300	70.0	63597.0
SRR13675902_1	95.45329196828679	50.0	300.0	300	40.0	116040.0
SRR13675902_2	93.67200965184419	49.0	300.0	300	40.0	116040.0
SRR13675903_1	97.1385462157194	53.0	300.0	300	50.0	188226.0
SRR13675903_2	94.73505254321933	52.0	300.0	300	40.0	188226.0
SRR13675904_1	95.23799385787964	52.0	300.0	300	50.0	187883.0
SRR13675904_2	92.79498411245297	51.0	300.0	300	40.0	187883.0
SRR13675905_1	95.60765827234007	54.0	300.0	300	50.0	120915.0
SRR13675905_2	92.04399784972915	55.0	300.0	300	40.0	120915.0
SRR13675906_1	95.49113506085993	51.0	300.0	300	40.0	195038.0
SRR13675906_2	92.46454537064572	52.0	300.0	300	40.0	195038.0
SRR13675907_1	91.52942178318999	52.0	300.0	300	50.0	117430.0
SRR13675907_2	90.535638252576	52.0	300.0	300	40.0	117430.0
SRR13675908_1	92.768796510136	54.0	300.0	300	40.0	77940.0
SRR13675908_2	91.44341801385681	53.0	300.0	300	50.0	77940.0
SRR13675909_1	90.05302745010229	53.0	300.0	300	50.0	98251.0
SRR13675909_2	89.388403171469	53.0	300.0	300	50.0	98251.0
SRR13675910_1	94.53005945354253	51.0	300.0	300	40.0	93182.0
SRR13675910_2	91.14635873881221	52.0	300.0	300	40.0	93182.0
SRR13675911_1	96.53470873244468	53.0	300.0	300	50.0	134361.0
SRR13675911_2	94.39271812505118	54.0	300.0	300	40.0	134361.0
SRR13675912_1	96.26635036019762	53.0	300.0	300	50.0	91894.0
SRR13675912_2	93.15406881842122	54.0	300.0	300	40.0	91894.0
SRR13675913_1	95.5826060327668	52.0	300.0	300	50.0	222054.0
SRR13675913_2	92.83192376629108	52.0	300.0	300	40.0	222054.0
SRR13675914_1	96.83406172078183	53.0	300.0	300	50.0	186485.0
SRR13675914_2	94.20704078075984	54.0	300.0	300	40.0	186485.0
SRR13675915_1	95.84033759578932	53.0	300.0	300	50.0	86257.0
SRR13675915_2	93.23533162525939	54.0	300.0	300	40.0	86257.0
SRR13675916_1	95.10177848063799	50.0	300.0	300	40.0	118247.0
SRR13675916_2	92.62560572361244	51.0	300.0	300	40.0	118247.0
SRR13675917_1	95.01221187604946	50.0	300.0	300	40.0	104816.0
SRR13675917_2	92.2855289268814	51.0	300.0	300	40.0	104816.0
SRR13675918_1	96.87412984066415	53.0	300.0	300	70.0	96965.0
SRR13675918_2	95.15289021811994	54.0	300.0	300	70.0	96965.0
SRR13675919_1	95.23593130779392	53.0	300.0	300	40.0	94625.0
SRR13675919_2	91.92391017173051	54.0	300.0	300	40.0	94625.0
SRR13675920_1	91.19103466249675	53.0	300.0	300	40.0	122784.0
SRR13675920_2	90.19823429762836	52.0	300.0	300	30.0	122784.0
SRR13675921_1	95.14621472276437	51.0	300.0	300	40.0	121431.0
SRR13675921_2	92.37427016165559	50.0	300.0	300	40.0	121431.0
SRR13675922_1	95.39377598022693	52.0	300.0	300	50.0	115713.0
SRR13675922_2	92.37164363554656	51.0	300.0	300	40.0	115713.0
SRR13675923_1	97.55529209762479	52.0	300.0	300	70.0	73383.0
SRR13675923_2	96.8412302576891	52.0	300.0	300	70.0	73383.0
SRR13675924_1	95.89341759267113	55.0	300.0	300	40.0	94312.0
SRR13675924_2	92.27563830689625	55.0	300.0	300	50.0	94312.0
SRR13675925_1	95.03747534516765	51.0	300.0	300	40.0	126750.0
SRR13675925_2	92.1207100591716	50.0	300.0	300	40.0	126750.0
SRR13675926_1	95.40294565617005	51.0	300.0	300	40.0	133281.0
SRR13675926_2	92.0476286942625	50.0	300.0	300	40.0	133281.0
SRR13675927_1	97.46008818610309	53.0	300.0	300	70.0	131540.0
SRR13675927_2	96.23004409305155	54.0	300.0	300	70.0	131540.0
SRR13675928_1	95.14665541253429	53.0	300.0	300	50.0	142170.0
SRR13675928_2	92.52444256875572	54.0	300.0	300	40.0	142170.0
SRR13675929_1	94.9965615582209	51.0	300.0	300	40.0	197764.0
SRR13675929_2	92.60735017495601	51.0	300.0	300	40.0	197764.0
SRR13675930_1	95.2095402936061	51.0	300.0	300	40.0	236303.0
SRR13675930_2	92.16514390422466	52.0	300.0	300	40.0	236303.0
SRR13675931_1	95.63466129613082	53.0	300.0	300	70.0	74977.0
SRR13675931_2	95.38125025007669	51.0	300.0	300	70.0	74977.0
SRR13675932_1	97.07665046808576	52.0	300.0	300	70.0	131493.0
SRR13675932_2	96.18991125002852	52.0	300.0	300	70.0	131493.0
SRR13675933_1	92.95934459017654	53.0	300.0	300	40.0	51998.0
SRR13675933_2	89.94961344667102	53.0	300.0	300	40.0	51998.0
SRR13675934_1	95.55143531922033	51.0	300.0	300	40.0	232457.0
SRR13675934_2	92.48893343715181	51.0	300.0	300	40.0	232457.0
SRR13675935_1	95.78933893184495	52.0	300.0	300	50.0	195290.0
SRR13675935_2	92.54237288135593	52.0	300.0	300	40.0	195290.0
SRR13675936_1	97.43249063738767	52.0	300.0	300	50.0	136981.0
SRR13675936_2	95.55631802950774	51.0	300.0	300	40.0	136981.0
SRR13675937_1	92.80066722268558	52.0	300.0	300	40.0	29975.0
SRR13675937_2	89.66138448707257	53.0	300.0	300	40.0	29975.0
SRR13675938_1	95.19754248499034	50.0	300.0	300	40.0	157232.0
SRR13675938_2	92.35969777144602	51.0	300.0	300	40.0	157232.0
SRR13675939_1	94.684703378202	51.0	300.0	300	40.0	149399.0
SRR13675939_2	91.93033420571757	51.0	300.0	300	40.0	149399.0
SRR13675940_1	94.74590206053132	52.0	300.0	300	70.0	38922.0
SRR13675940_2	93.09644930887416	52.0	300.0	300	70.0	38922.0
SRR13675941_1	95.50024515626816	52.0	300.0	300	40.0	197833.0
SRR13675941_2	92.80605359065474	51.0	300.0	300	40.0	197833.0
SRR13675942_1	91.5243585298197	53.0	300.0	300	50.0	92288.0
SRR13675942_2	91.67930825242718	51.0	300.0	300	40.0	92288.0
SRR13675943_1	97.11947933025802	53.0	300.0	300	40.0	203123.0
SRR13675943_2	94.81004120655957	52.0	300.0	300	50.0	203123.0
SRR13675944_1	94.16864111498258	52.0	300.0	300	60.0	35875.0
SRR13675944_2	91.72961672473868	53.0	300.0	300	70.0	35875.0
SRR13675945_1	95.47871495638806	52.0	300.0	300	40.0	157411.0
SRR13675945_2	92.23370666598903	51.0	300.0	300	40.0	157411.0
SRR13675946_1	94.62707231353616	52.0	300.0	300	50.0	112676.0
SRR13675946_2	91.21463310731656	52.0	300.0	300	40.0	112676.0
